1.0000000000000000,0.0481622807166342,0.0760732304934838,0.0077005986416389,0.0424073188295829,0.1529277477035218,0.0791128691081829,0.1074416527798530,0.1130013186066439,0.0051115551959645,0.1842215662569915,0.1649164891755530,0.0934139493774311,0.1639582993877770,0.1555220780823241,0.1142598677841466,0.1315811481863591,0.1068556466858610,0.0924090521960517,0.0000572902299170,0.0273284226734766,0.0000196300617355,0.0775440131202568,0.0399026580263043,0.0708335806973911,0.1878949163674972,0.0752633881272885,0.1695351916977388,0.1800448311917826,0.1296816171098553,0.0111277094379303,0.0111277094379303,0.1717786411817839,0.0867431156542008,0.1682825731481993,0.1640734427605254,0.1568271521433502,0.1639710038825700,0.1717786411817839,0.0933194285334848,0.0344594582771542,0.0970084101020887,0.0476847930683465,0.0001029450536312,0.1769790042299645,0.1373111485260164,0.1299488337130103,0.0001932233629509,0.1522764993374458,0.1749249252271425,0.0738412813143736,0.0653704185134055,0.1889415833737777,0.1796113202092659,0.0398519543609964,0.1920111015670775,0.1315315442696372,0.2166836920414106,0.0500524284197031,0.1738879686030089,0.0001932233629509,0.0126859431042941,0.0001932233629509,0.2342619138073020,0.1755036951234232,0.0805762650694230,0.0086570038693384,0.0985971539897114,0.0608023010958015,0.0001932233629509,0.1127010741845958,0.1498148716331152,0.0993084231220979,0.1772910457063731,0.0428394065308474,0.0001932233629509,0.1824214067814667,0.1802676723909577,0.1570207295775293,0.1560150270879477,0.1876995914283751,0.0836326481087287
0.0481622807166342,1.0000000000000000,0.0019305361557851,0.0053521131302050,0.0116155255276904,0.0905306308409014,0.0549189623929533,0.0444654118186927,0.0965943486812430,0.0003831980987657,0.0918189745918967,0.1655196769510820,0.0683804504706647,0.1090269709720303,0.0354301216090641,0.1971465258331279,0.0545235491650173,0.1965426933322143,0.0388548089007906,0.0008172225804384,0.0019305361557851,0.0001932233629509,0.0792357600118640,0.0269487190247090,0.0457566875248599,0.1384575913554070,0.1163553995491483,0.0761493174834496,0.0206315187511304,0.0771271495609227,0.0008172225804384,0.0008172225804384,0.0053521131302050,0.0117075405916189,0.1407260748849202,0.0822111341553201,0.0774144712083139,0.1067093300008095,0.0053521131302050,0.0518385018670102,0.0434030523350022,0.0418471539887160,0.2043854499161121,0.0019305361557851,0.0318195081693158,0.0687690476041692,0.0694448876821813,0.0053521131302050,0.0387984661502115,0.0589155854654634,0.1258872019171456,0.3700523252089719,0.1231561297202756,0.0315260894701558,0.0778469735177656,0.0929604062559874,0.0008172225804384,0.0605651838558282,0.0269512576820427,0.0635803851665584,0.0053521131302050,0.0019305361557851,0.0053521131302050,0.0792194925599979,0.0393316354137655,0.0503332715194836,0.0053521131302050,0.1392825687862760,0.0597534028293049,0.0053521131302050,0.0468301738819112,0.1096888331843587,0.1109257798098610,0.0543371527475940,0.0163299658570103,0.0053521131302050,0.1051975288776601,0.0573462194663495,0.0890535366956093,0.0547166538042071,0.0922720324757354,0.0053521131302050
0.0760732304934838,0.0019305361557851,1.0000000000000000,0.0019305361557851,0.0003831980987657,0.0000047348035714,0.0008172225804384,0.0003831980987657,0.0000030595905024,0.0001932233629509,0.0003831980987657,0.0000572902299170,0.0003831980987657,0.0000030595905024,0.0000030595905024,0.0001029450536312,0.0204975458604239,0.0000330388966045,0.0000330388966045,0.0003831980987657,0.0285273725238498,0.0001029450536312,0.0003831980987657,0.0019305361557851,0.0019305361557851,0.0019305361557851,0.0190591866726831,0.0045923972754693,0.0003831980987657,0.0109331310782344,0.0003831980987657,0.0003831980987657,0.0019305361557851,0.0603754400777204,0.0001029450536312,0.0000330388966045,0.0000000012882513,0.0057549745820884,0.0019305361557851,0.0001932233629509,0.0008172225804384,0.0001029450536312,0.0019305361557851,0.0008172225804384,0.0003831980987657,0.0139339348497093,0.0025007675623637,0.0019305361557851,0.0958636561735990,0.0001932233629509,0.0001932233629509,0.0008172225804384,0.0008172225804384,0.0003831980987657,0.0019305361557851,0.0003831980987657,0.0375760192240371,0.0000196300617355,0.0019305361557851,0.0000330388966045,0.0019305361557851,0.0008172225804384,0.0019305361557851,0.0001029450536312,0.0179810064927042,0.0008172225804384,0.0019305361557851,0.0003831980987657,0.0008172225804384,0.0019305361557851,0.0000572902299170,0.0000020076356464,0.0003831980987657,0.0001932233629509,0.0008172225804384,0.0019305361557851,0.0000002060626878,0.0000000746705360,0.0003831980987657,0.0001029450536312,0.0000030595905024,0.0019305361557851
0.0077005986416389,0.0053521131302050,0.0019305361557851,1.0000000000000000,0.0613934671662474,0.0000074539396976,0.0019305361557851,0.0008172225804384,0.0172397129821702,0.0761874083405144,0.0008172225804384,0.0001029450536312,0.0008172225804384,0.0000047348035714,0.0000047348035714,0.0001932233629509,0.0124776216799572,0.0000572902299170,0.0000572902299170,0.0008172225804384,0.1393454782576209,0.0001932233629509,0.0008172225804384,0.0053521131302050,0.0053521131302050,0.0053521131302050,0.0430002149350653,0.0000000287802002,0.0008172225804384,0.0118351041446786,0.1235793249228473,0.1235793249228473,0.0053521131302050,0.0003831980987657,0.0001932233629509,0.0000572902299170,0.0080258796497095,0.0000074539396976,0.0278742389662690,0.0181087408813022,0.0314731074600126,0.0197618596994093,0.0053521131302050,0.0019305361557851,0.0008172225804384,0.0091510466054233,0.0125954443988402,0.0536745455520505,0.0203805743299911,0.0003831980987657,0.0003831980987657,0.0019305361557851,0.0019305361557851,0.0008172225804384,0.0053521131302050,0.0008172225804384,0.0433168999237714,0.0000330388966045,0.0053521131302050,0.0000572902299170,0.0053521131302050,0.0865578033957156,0.0053521131302050,0.0001932233629509,0.0010912981898518,0.0019305361557851,0.0053521131302050,0.0008172225804384,0.0766154415963800,0.0053521131302050,0.0321107616710290,0.0000030595905024,0.0008172225804384,0.0003831980987657,0.0361510191736363,0.0053521131302050,0.0191213973503661,0.0000001039601395,0.0264825848438268,0.0149645090150647,0.0047670244806012,0.0053521131302050
0.0424073188295829,0.0116155255276904,0.0003831980987657,0.0613934671662474,1.0000000000000000,0.0555596118467611,0.0411072598343196,0.0412991977873698,0.1758967499061430,0.0906761569549747,0.0965813590980241,0.0758996733793845,0.0484535183315169,0.0622643907891402,0.1232504344070089,0.0700773567502451,0.0863741976882302,0.1258276969118679,0.0637312100325684,0.0345651416807174,0.1022328933054631,0.0364701131388606,0.0180372062563200,0.2553521131302050,0.0463989587482899,0.0466530584237087,0.0509164039566268,0.0987584002926891,0.0611337195578186,0.0728377487600759,0.2177023646539283,0.2177023646539283,0.0008172225804384,0.0445645857684824,0.0706728898392278,0.0568032254720219,0.0942975900144819,0.0619663062230223,0.0259531277847401,0.0567514575859761,0.0420204315205525,0.0566203518073070,0.0134158119777093,0.0393213650200859,0.1918300120708954,0.0953717998823527,0.0882710496865195,0.0163971325065906,0.1173255214725170,0.0377674984659584,0.0610031482941493,0.0127376734123315,0.0434794352953193,0.0691583753023118,0.0636704048599780,0.0463549215234633,0.0108477093012222,0.0676916377437594,0.0492284832747864,0.0651747874411386,0.0237109924937638,0.1006350707238044,0.0008172225804384,0.0622770545678579,0.0931817728322849,0.0407202593659423,0.0008172225804384,0.0548609751052470,0.2278400922971141,0.0008172225804384,0.1563246468270671,0.0666477863267098,0.0461827681892904,0.0839423488598729,0.0391122066542441,0.0265961613187633,0.1049723741443359,0.0977770660033043,0.0391856652120060,0.0422663361184610,0.1248197976435544,0.0008172225804384
0.1529277477035218,0.0905306308409014,0.0000047348035714,0.0000074539396976,0.0555596118467611,1.0000000000000000,0.1521177910219098,0.2184181021659973,0.2409906858543976,0.0000020076356464,0.1857255034337918,0.3060235547739313,0.2171757950125895,0.3206786883133574,0.3478173362745769,0.1406912480533260,0.2272916763402318,0.1945911945280338,0.2368905063197502,0.0000030595905024,0.0026989110905895,0.0000013357054920,0.0645441767019064,0.0648234315719995,0.0824497419692241,0.1116174681092656,0.0693839757388324,0.2777140300213140,0.2532953464604922,0.2349051633346272,0.0000030595905024,0.0000030595905024,0.0000074539396976,0.1507204427484319,0.2350725303360695,0.2878656624877121,0.3207807825992041,0.3001586847121527,0.0000074539396976,0.1642198840415511,0.0758630728013312,0.2268385077963076,0.1244098135664649,0.0063052933573983,0.1692247835022410,0.2750281174460665,0.2636290690462620,0.0000074539396976,0.1101651406601382,0.3310421631277491,0.0888328844293389,0.0884019990252913,0.1112463641426506,0.2186579984104676,0.1394373171723438,0.2412489319100601,0.0000030595905024,0.3425100575241047,0.0570061667748273,0.3517840459604931,0.0068330590396768,0.0084961116420854,0.0000074539396976,0.2411781915027663,0.2523163874414883,0.1028452801140392,0.0000074539396976,0.2232715115920608,0.1444992774362415,0.0000074539396976,0.3007138036398497,0.3802691297953871,0.1188114608370186,0.2356742144374203,0.0526189312667681,0.0000074539396976,0.3522744224618042,0.3578269663321034,0.1713535067123358,0.2122957083933365,0.2764033483121232,0.0000074539396976
0.0791128691081829,0.0549189623929533,0.0008172225804384,0.0019305361557851,0.0411072598343196,0.1521177910219098,1.0000000000000000,0.4362826692975277,0.1329234165164446,0.0001932233629509,0.1255702773307996,0.0851242691196266,0.0836825725059881,0.1450177165686050,0.1468881191522441,0.2096408019427733,0.0878553216265655,0.0736882091917341,0.2528633507040616,0.0003831980987657,0.0008172225804384,0.0001029450536312,0.0726088294444598,0.0698039723817083,0.3667565363135880,0.1525445026973815,0.0602777567902793,0.1096481344032635,0.0803184911981451,0.0864535041003099,0.0003831980987657,0.0003831980987657,0.0019305361557851,0.0500459254302281,0.1975599114790906,0.1825329337473905,0.1332408867356622,0.1448258106497301,0.0019305361557851,0.0729701291912434,0.0572113150704308,0.1877346697103236,0.0644159371052397,0.0008172225804384,0.2483341846219655,0.1038168594741755,0.1050823093581041,0.0019305361557851,0.0574169002040899,0.0877455473082073,0.0664970278577744,0.0526997092680713,0.1377163880821871,0.2492347183521197,0.0716755315009129,0.1249741015895261,0.0003831980987657,0.1823004340896976,0.0764725128878759,0.1115286820748685,0.0019305361557851,0.0008172225804384,0.0789771887329481,0.1174212391259761,0.1024924124021984,0.3465951096315390,0.0019305361557851,0.0722536164764547,0.0573725836196779,0.0019305361557851,0.1751214152179362,0.1352986693696803,0.1017406964496158,0.0825253410196586,0.0771710160928498,0.0019305361557851,0.1469844499489758,0.1579533934347784,0.1252634169635521,0.0732416244174531,0.1409619050058022,0.0019305361557851
0.1074416527798530,0.0444654118186927,0.0003831980987657,0.0008172225804384,0.0412991977873698,0.2184181021659973,0.4362826692975277,1.0000000000000000,0.1470411743532274,0.0001029450536312,0.1360597918493204,0.1892787334719323,0.1016264572805235,0.2246337631628625,0.1952688434877959,0.2022406126868928,0.1114633860486336,0.1584592979063122,0.3202989448980080,0.0001932233629509,0.0003831980987657,0.0000572902299170,0.0650553724247129,0.0624761842170667,0.2853445801855475,0.1382629446039923,0.0528583850787719,0.1433707960245844,0.2377710109377602,0.1135707476464985,0.0001932233629509,0.0001932233629509,0.0008172225804384,0.0482135337435736,0.2109735265729385,0.1972757953720516,0.1713763043417795,0.2202906108809081,0.0008172225804384,0.0762612906590710,0.0528693780242870,0.2800617414565558,0.0526978250016760,0.0003831980987657,0.2571545016385265,0.1350299121470400,0.1358127449727849,0.0008172225804384,0.0605319920068124,0.1271709402015817,0.0611156620957106,0.0450146830971745,0.1294907281940499,0.2579049464136549,0.0616608172256989,0.2583922837774110,0.0001932233629509,0.2589498741405508,0.0665976153429830,0.1981847614266792,0.0008172225804384,0.0003831980987657,0.0586022120133107,0.1413162911343317,0.1479823618019131,0.2909934667535010,0.0008172225804384,0.2139854600646387,0.0649168837838219,0.0008172225804384,0.2645209156768910,0.1943581960325198,0.0906890919604562,0.1301935572291021,0.0693653610794760,0.0008172225804384,0.2035661770946344,0.2127600079819473,0.1210566566137235,0.1026591282643741,0.1521518190471959,0.0008172225804384
0.1130013186066439,0.0965943486812430,0.0000030595905024,0.0172397129821702,0.1758967499061430,0.2409906858543976,0.1329234165164446,0.1470411743532274,1.0000000000000000,0.0384169595585213,0.1900196034966343,0.2460502069510632,0.1499681619546630,0.2831439913509325,0.3272484980034318,0.1961114158731150,0.2190257375531700,0.1947358799982400,0.1339371198414937,0.0137507749627530,0.0348273453930430,0.0171363459573228,0.0443769261376119,0.1238540119859563,0.1371402211516114,0.1027386034372340,0.0603766427523012,0.2535381542810993,0.1078476807844217,0.2084077737535003,0.0848704472820243,0.0848704472820243,0.0000047348035714,0.1280567728934028,0.1976638247708268,0.1444022117811649,0.2672474754653188,0.2232448161364034,0.0050593525202626,0.0803886311422584,0.1236409070431386,0.1523050601036237,0.0510271445938536,0.0139095477766882,0.2218893964604419,0.2516787134509210,0.2263730862886087,0.0000047348035714,0.1419604062390698,0.2245376177259233,0.1339089829022448,0.0932278519369657,0.1023606393391224,0.1684350743686562,0.0726626579211604,0.1247796183594289,0.0029096518845266,0.2228131031040702,0.0540840914750684,0.2241321294277358,0.0070489716999792,0.0329497372725701,0.0177847315521475,0.1318633529240668,0.2170788805314580,0.1319407684721297,0.0053761148252842,0.1141615722480738,0.1362275781064502,0.0000047348035714,0.3074364515490769,0.3133237583925619,0.0705968292928581,0.1927056375345300,0.0560616939178477,0.0079367159538252,0.2810848356288677,0.2758635440953716,0.1124767576358150,0.0960822095433077,0.2582760000293535,0.0000047348035714
0.0051115551959645,0.0003831980987657,0.0001932233629509,0.0761874083405144,0.0906761569549747,0.0000020076356464,0.0001932233629509,0.0001029450536312,0.0384169595585213,1.0000000000000000,0.0001029450536312,0.0000196300617355,0.0001029450536312,0.0000013357054920,0.0000013357054920,0.0000330388966045,0.0195634768760849,0.0000119637552834,0.0000119637552834,0.2468462661006527,0.1918337099673974,0.3435089074246659,0.0001029450536312,0.0003831980987657,0.0003831980987657,0.0003831980987657,0.0209192218120913,0.0000000116807417,0.0001029450536312,0.0135702793500612,0.3521880903304547,0.3521880903304547,0.0003831980987657,0.0000572902299170,0.0000330388966045,0.0000119637552834,0.0109371969584102,0.0000020076356464,0.0095245274376137,0.0118376329461422,0.0159003469845845,0.0133295974481542,0.0003831980987657,0.2115657787417920,0.0001029450536312,0.0104612533540525,0.0393006075775039,0.0206918369663391,0.1387464489470349,0.0000572902299170,0.0000572902299170,0.0001932233629509,0.0001932233629509,0.0001029450536312,0.0003831980987657,0.0001029450536312,0.0197729051780481,0.0000074539396976,0.0003831980987657,0.0000119637552834,0.0003831980987657,0.0660909758144579,0.0003831980987657,0.0000330388966045,0.0010740638244700,0.0001932233629509,0.0003831980987657,0.0001029450536312,0.1026348869710291,0.0003831980987657,0.0614846282265824,0.0000008998825258,0.0001029450536312,0.0000572902299170,0.0180113282273180,0.2548288035494095,0.0471483066358735,0.0000000393034372,0.0153756063659459,0.0105044546443602,0.0044974838132970,0.0003831980987657
0.1842215662569915,0.0918189745918967,0.0003831980987657,0.0008172225804384,0.0965813590980241,0.1857255034337918,0.1255702773307996,0.1360597918493204,0.1900196034966343,0.0001029450536312,1.0000000000000000,0.1363442060440434,0.2967254704289691,0.1427018713965652,0.2072677789553880,0.1590114942966064,0.1277712943460786,0.1447183600837331,0.1408432261925157,0.0001932233629509,0.0096266308505226,0.0000572902299170,0.1051520550051445,0.1453994261830482,0.1249942405266756,0.3011942368373760,0.0945195901533240,0.1558110398906073,0.1463650456416673,0.1312991549311376,0.0001932233629509,0.0001932233629509,0.0008172225804384,0.0755304219419609,0.1501052032973089,0.1624772254263817,0.1805827739239522,0.1609980099754414,0.0008172225804384,0.1549951843424546,0.0709128917998856,0.1302285877411041,0.0845462370980753,0.0196110240830057,0.1899667299205534,0.1505263157959044,0.1448789683981299,0.0008172225804384,0.1441971038028411,0.2396036886177417,0.1091169135334962,0.0987109076862326,0.2666411068589080,0.1573987908757307,0.1253535401805284,0.2625445089412955,0.0001932233629509,0.2101586540266160,0.1629977468717506,0.3041240665776602,0.0248520050607384,0.0250378959647023,0.0008172225804384,0.2668450910881085,0.1619225845647318,0.1276190316765357,0.0008172225804384,0.1305585035580481,0.0996101976627129,0.0008172225804384,0.2057511945967447,0.1900334275329293,0.1507951905152064,0.4033310408793286,0.1301276175318154,0.0008172225804384,0.1852016195917101,0.2189891315726236,0.2402201854208230,0.1342128585339895,0.2377525242540347,0.0008172225804384
0.1649164891755530,0.1655196769510820,0.0000572902299170,0.0001029450536312,0.0758996733793845,0.3060235547739313,0.0851242691196266,0.1892787334719323,0.2460502069510632,0.0000196300617355,0.1363442060440434,1.0000000000000000,0.1345283165199617,0.3726699516465514,0.3032460643179152,0.1852052530270739,0.1606730463268582,0.3262669150293526,0.1632045390854936,0.0000330388966045,0.0000572902299170,0.0000119637552834,0.0573728789790826,0.0976457608172055,0.0861571880815572,0.1187470313211830,0.0657706138860293,0.2802084853132115,0.2948659478271594,0.1987185076872025,0.0000330388966045,0.0000330388966045,0.0001029450536312,0.1677267937110717,0.2944559253360367,0.2314135417538208,0.2601993495425914,0.2846031326518114,0.0001029450536312,0.1278337310264960,0.1034751513766995,0.2317424593806369,0.0779974461040047,0.0000572902299170,0.2179797728036054,0.2405705997940690,0.2298057797864432,0.0001029450536312,0.0924480551733188,0.2897149167319003,0.1458710238062360,0.1508769633492625,0.1160540937444083,0.2252767236180066,0.0769332652581755,0.2326251846358838,0.0000330388966045,0.3294534286794805,0.0655717573908714,0.2702165504526761,0.0001029450536312,0.0000572902299170,0.0001029450536312,0.2733266025235122,0.2334608400486296,0.0834046350420754,0.0001029450536312,0.2608972020062917,0.0962283108216870,0.0001029450536312,0.2539601652316853,0.3288392553037380,0.1760987499093387,0.1999581544336149,0.0573425010250022,0.0001029450536312,0.2827129463266024,0.2921911619759819,0.1238480021389004,0.2030318771648451,0.2378684836942349,0.0001029450536312
0.0934139493774311,0.0683804504706647,0.0003831980987657,0.0008172225804384,0.0484535183315169,0.2171757950125895,0.0836825725059881,0.1016264572805235,0.1499681619546630,0.0001029450536312,0.2967254704289691,0.1345283165199617,1.0000000000000000,0.1663450843611894,0.2575080004042773,0.1099053517753465,0.1146560071500436,0.1147264359310318,0.2451201360123856,0.0001932233629509,0.0003831980987657,0.0000572902299170,0.0586652810612248,0.0732076650332873,0.0937710549731116,0.1096298256453728,0.0468109963137824,0.1548952546472605,0.1508297349273025,0.1196594293053925,0.0001932233629509,0.0001932233629509,0.0008172225804384,0.0565382295832466,0.1330357769765539,0.2290368114258902,0.1764237620180707,0.2121101677350395,0.0008172225804384,0.3262627136592743,0.0673581492376218,0.2092527167065742,0.0483582913252776,0.0003831980987657,0.1337306897244864,0.1441599847305002,0.1395284829151589,0.0008172225804384,0.1301428635723524,0.3304628943932267,0.0609259659266327,0.0616510999134524,0.1031019111640024,0.1453735373432717,0.1289256336357767,0.2588584452549674,0.0001932233629509,0.2022753144715500,0.2782696165561324,0.3454691170765516,0.0008172225804384,0.0003831980987657,0.0008172225804384,0.3360761487020190,0.1550128733230567,0.0823177443971665,0.0008172225804384,0.1148916469052703,0.2456100168817142,0.0008172225804384,0.2662229782120941,0.2425094283001028,0.1256774297213658,0.3347192843295068,0.2202645388965270,0.0008172225804384,0.2108789830080484,0.2228507717100859,0.2365341217344949,0.2036629302991033,0.1741465551654518,0.0008172225804384
0.1639582993877770,0.1090269709720303,0.0000030595905024,0.0000047348035714,0.0622643907891402,0.3206786883133574,0.1450177165686050,0.2246337631628625,0.2831439913509325,0.0000013357054920,0.1427018713965652,0.3726699516465514,0.1663450843611894,1.0000000000000000,0.3570311455058753,0.2630094830840300,0.2208514107861937,0.2832577308602027,0.2394656695958839,0.0000020076356464,0.0000030595905024,0.0000008998825258,0.0715531753668621,0.0718459461345257,0.1478100869672538,0.1291917318323354,0.0613234035066389,0.3118231980383186,0.2142840611531556,0.2286699027698970,0.0000020076356464,0.0000020076356464,0.0000047348035714,0.1340800166085498,0.2433055599333386,0.2678841310117175,0.3279870903055477,0.2937057013419896,0.0000047348035714,0.1430629694182254,0.0565363826563973,0.2664385262408051,0.0618958133333314,0.0000030595905024,0.2296994903123893,0.2846831603805457,0.2868261263871961,0.0000047348035714,0.1397331437603237,0.2901932249175286,0.1496236950862783,0.1125104184913751,0.1279067762525304,0.2200509522913490,0.0754004914307657,0.2628137818091274,0.0000020076356464,0.3508979137075389,0.0549699729130679,0.2909647182109941,0.0000047348035714,0.0000030595905024,0.0177847315521475,0.2380478798988153,0.2435567815904364,0.1435066143452971,0.0000047348035714,0.1916763774741970,0.1431231851538237,0.0000047348035714,0.3205044957753819,0.3675259921000337,0.1241957932736493,0.1696694436074766,0.0568842981102758,0.0000047348035714,0.3062740149177047,0.3484377659285328,0.1842769574822733,0.2485700791676526,0.2923987747272901,0.0000047348035714
0.1555220780823241,0.0354301216090641,0.0000030595905024,0.0000047348035714,0.1232504344070089,0.3478173362745769,0.1468881191522441,0.1952688434877959,0.3272484980034318,0.0000013357054920,0.2072677789553880,0.3032460643179152,0.2575080004042773,0.3570311455058753,1.0000000000000000,0.1643594594244430,0.2355520750539171,0.1907461374812001,0.2533504423129834,0.0000020076356464,0.0031948011501654,0.0000008998825258,0.0440529451717781,0.1422185402207882,0.1547540999483782,0.1199167110281546,0.0373029173119948,0.3267310075630037,0.2491857211409787,0.2313343036601192,0.0000020076356464,0.0000020076356464,0.0000047348035714,0.1854837622993522,0.2673341201122887,0.2301113338842901,0.3291435272950744,0.2612985030309694,0.0000047348035714,0.2049177518812473,0.0810930943431649,0.2613660862360786,0.0324272888543755,0.0065441367085954,0.2814150258902234,0.2975097289966388,0.2749468942087154,0.0000047348035714,0.1438193840331134,0.3262768614163697,0.1191368125596660,0.0354942317941039,0.1169458341609329,0.2789693494866802,0.0767197443635169,0.2199833462783302,0.0000020076356464,0.3730753360128731,0.1335569445161506,0.3833346230780217,0.0070489716999792,0.0083937457223107,0.0177847315521475,0.2784806597904444,0.3102912156753495,0.1464450704510861,0.0000047348035714,0.1933425010531328,0.1274916418713897,0.0000047348035714,0.3378160544275077,0.4207445509669401,0.0993043820988618,0.2519270122020282,0.1298555963500295,0.0000047348035714,0.3580638005114695,0.3852710150669262,0.1749740534418058,0.1994364381629176,0.3471742637078191,0.0000047348035714
0.1142598677841466,0.1971465258331279,0.0001029450536312,0.0001932233629509,0.0700773567502451,0.1406912480533260,0.2096408019427733,0.2022406126868928,0.1961114158731150,0.0000330388966045,0.1590114942966064,0.1852052530270739,0.1099053517753465,0.2630094830840300,0.1643594594244430,1.0000000000000000,0.1247473489482448,0.2107894213568403,0.1604594162968973,0.0000572902299170,0.0118845904328543,0.0000196300617355,0.1033797757300006,0.0935533120567217,0.2268230812235992,0.1538318829207103,0.0866086614904535,0.1847104019393875,0.1024440247865023,0.1449696279347192,0.0000572902299170,0.0000572902299170,0.0001932233629509,0.0545066576856526,0.2488791770861523,0.1799392604747554,0.1919444616506756,0.2113151618534134,0.0001932233629509,0.1006701879843717,0.0626584419683024,0.1834554194080582,0.1003600435371437,0.0158533907772216,0.2188938928734864,0.1579329378554175,0.1813399734198404,0.0001932233629509,0.0842538697569532,0.1194592771992073,0.1803292221560117,0.1961368217109359,0.1476819492309192,0.2106675845693265,0.0969300591026609,0.1552712680095139,0.0000572902299170,0.1948733826199687,0.0705937432322350,0.1398241610519122,0.0185687433738064,0.0202731440986336,0.0387165496515324,0.1479415128328527,0.1709542629795504,0.2066185974961575,0.0001932233629509,0.1405510792166961,0.0899834437671710,0.0524797070979052,0.1788545038570830,0.2044470359326601,0.1477364073407952,0.1204131999293064,0.0721304254920709,0.0001932233629509,0.1822925466357747,0.2137517074013631,0.1492318380868266,0.2024573219244885,0.2001642222555513,0.0001932233629509
0.1315811481863591,0.0545235491650173,0.0204975458604239,0.0124776216799572,0.0863741976882302,0.2272916763402318,0.0878553216265655,0.1114633860486336,0.2190257375531700,0.0195634768760849,0.1277712943460786,0.1606730463268582,0.1146560071500436,0.2208514107861937,0.2355520750539171,0.1247473489482448,1.0000000000000000,0.1627997380148987,0.1496448958624435,0.0044832938710607,0.0297064694396371,0.0060688039292797,0.0681710687024220,0.0601594471717429,0.0643396648135077,0.0869588032573561,0.0969442382202284,0.3138655773475716,0.1047816064594187,0.3138757795175261,0.0357493352953376,0.0357493352953376,0.0010917957869115,0.1484088160357623,0.1364616059034955,0.1563325896816640,0.3073023582903286,0.2377154884837023,0.0046651770097762,0.1186521057807068,0.0469905574913310,0.1259898527124594,0.0536295241359621,0.0359968269935302,0.1202105799806775,0.3226390259982711,0.3401337971544822,0.0025611482897535,0.1916391909239435,0.1347263672371704,0.0946347855759560,0.0686354813820282,0.0963030156376106,0.1150808705992315,0.0567646826867018,0.1291902854357559,0.0061984892830327,0.1967728065885897,0.0510553820781421,0.1990217620587941,0.0344713969061808,0.0493388143221694,0.0052531811437967,0.1525217776552190,0.2859171152464519,0.0728454535800039,0.0032773755483571,0.1031183890755418,0.0914905689682860,0.0108001935808588,0.1765062327419240,0.2489668502701444,0.0918921538783495,0.1180369203950753,0.0524601076304644,0.0023435401715651,0.2682070743507632,0.2827805725117117,0.1081976641572737,0.1357823924574912,0.2223371460263883,0.0033620087679238
0.1068556466858610,0.1965426933322143,0.0000330388966045,0.0000572902299170,0.1258276969118679,0.1945911945280337,0.0736882091917341,0.1584592979063122,0.1947358799982400,0.0000119637552834,0.1447183600837332,0.3262669150293526,0.1147264359310318,0.2832577308602027,0.1907461374812001,0.2107894213568403,0.1627997380148987,1.0000000000000000,0.1465904659317896,0.0000196300617355,0.0099901938954017,0.0000074539396976,0.2010729772628481,0.1574062317153895,0.0701808373280277,0.1141540418101990,0.0791507302220085,0.2400577967774031,0.1977560768701637,0.1950626947997456,0.0000196300617355,0.0000196300617355,0.0054247684617232,0.0957209383259076,0.2308901872857718,0.1646370889437788,0.2259815335284148,0.2363435493155576,0.0050464195493155,0.1265738226069749,0.0995115102944196,0.2057166116917679,0.0924902375852001,0.0102080477469714,0.1862902383296571,0.2142240781353517,0.2145752808467968,0.0000572902299170,0.1294496357879368,0.1229641441615852,0.1478614364174921,0.2805255527465243,0.1479675269440073,0.1336916304549934,0.0825320845561390,0.2099231991779800,0.0043136126471804,0.2359644318160403,0.0553070340797884,0.1918906377649224,0.0115041751865797,0.0130852173238619,0.0000572902299170,0.2035773104628072,0.2270908442272133,0.0704510341069868,0.0000572902299170,0.2486297554551178,0.0921275877787357,0.0077936753358712,0.1590611078218686,0.2227640558526975,0.2211572888725337,0.1387339745274065,0.0491439223187124,0.0000572902299170,0.2593997217498384,0.2251597260547040,0.1196796378567411,0.1480287823186653,0.2170532015487345,0.0183834644490052
0.0924090521960517,0.0388548089007906,0.0000330388966045,0.0000572902299170,0.0637312100325684,0.2368905063197502,0.2528633507040616,0.3202989448980080,0.1339371198414937,0.0000119637552834,0.1408432261925157,0.1632045390854936,0.2451201360123856,0.2394656695958839,0.2533504423129834,0.1604594162968973,0.1496448958624435,0.1465904659317896,1.0000000000000000,0.0000196300617355,0.0123894528797648,0.0000074539396976,0.0502703319399316,0.0500233808185985,0.1641867951986747,0.0971551095016974,0.0406106154864438,0.2051637718109857,0.1721827879034999,0.1576527797987212,0.0000196300617355,0.0000196300617355,0.0000572902299170,0.0505264969400819,0.1699376275542662,0.2412082665285247,0.2245351121093932,0.2448789952328869,0.0000572902299170,0.2253974609235850,0.0502783864070490,0.2762407154617406,0.0364046443429588,0.0159256920336951,0.1772774406177655,0.1815087260948349,0.1863506060268146,0.0189927637443370,0.1184999016325222,0.1716284037423350,0.0541791817257571,0.0399157963861618,0.0969816296250987,0.1842631491890367,0.0668938610693418,0.2576208387072746,0.0000196300617355,0.2690138725593922,0.1515528898346672,0.2757874670392090,0.0179365250091440,0.0203329694848619,0.0289497849463531,0.2537270664689822,0.1964223546683273,0.1820244294372978,0.0069758337156499,0.1560376273760017,0.1421056647436798,0.0000572902299170,0.2632049983174266,0.2508081331746714,0.0934638947878554,0.1399353984627825,0.1437325645677539,0.0000572902299170,0.2512910980173033,0.2630470043569325,0.1754579288065207,0.1539270092383428,0.1973742561998823,0.0000572902299170
0.0000572902299170,0.0008172225804384,0.0003831980987657,0.0008172225804384,0.0345651416807174,0.0000030595905024,0.0003831980987657,0.0001932233629509,0.0137507749627530,0.2468462661006527,0.0001932233629509,0.0000330388966045,0.0001932233629509,0.0000020076356464,0.0000020076356464,0.0000572902299170,0.0044832938710607,0.0000196300617355,0.0000196300617355,1.0000000000000000,0.0276762120552280,0.2949694123539935,0.0001932233629509,0.0008172225804384,0.0008172225804384,0.0008172225804384,0.0003831980987657,0.0000000156942315,0.0001932233629509,0.0000000000080612,0.2141297060109473,0.2141297060109473,0.0008172225804384,0.0001029450536312,0.0000572902299170,0.0000196300617355,0.0000000009947678,0.0000030595905024,0.0008172225804384,0.0001029450536312,0.0003831980987657,0.0000572902299170,0.0008172225804384,0.2407706872879503,0.0001932233629509,0.0000000001402442,0.0115859005170168,0.0008172225804384,0.1083431471789254,0.0001029450536312,0.0001029450536312,0.0003831980987657,0.0003831980987657,0.0001932233629509,0.0008172225804384,0.0001932233629509,0.0001932233629509,0.0000119637552834,0.0008172225804384,0.0000196300617355,0.0008172225804384,0.0003831980987657,0.0008172225804384,0.0000572902299170,0.0000000087361762,0.0003831980987657,0.0008172225804384,0.0001932233629509,0.0416295000800854,0.0008172225804384,0.0229476511084488,0.0000013357054920,0.0001932233629509,0.0001029450536312,0.0003831980987657,0.3039023020454115,0.0059334096991055,0.0000000540002647,0.0001932233629509,0.0000572902299170,0.0000020076356464,0.0008172225804384
0.0273284226734766,0.0019305361557851,0.0285273725238498,0.1393454782576209,0.1022328933054631,0.0026989110905895,0.0008172225804384,0.0003831980987657,0.0348273453930430,0.1918337099673974,0.0096266308505226,0.0000572902299170,0.0003831980987657,0.0000030595905024,0.0031948011501654,0.0118845904328543,0.0297064694396371,0.0099901938954017,0.0123894528797648,0.0276762120552280,1.0000000000000000,0.0273659059647242,0.0369483434523249,0.0168253301008791,0.0019305361557851,0.0019305361557851,0.0367271714119826,0.0096916422630798,0.0003831980987657,0.0338321334830582,0.2605189183674125,0.2605189183674125,0.0019305361557851,0.0292437389465692,0.0001029450536312,0.0056644456824080,0.0152446701589747,0.0052254332355566,0.0171660850538652,0.0271309897785721,0.0346051076539918,0.0630222337336852,0.0019305361557851,0.0325589402024664,0.0093200744658221,0.0192131759382526,0.0341871526511734,0.1840751058658645,0.0632088619475889,0.0001932233629509,0.0001932233629509,0.0176352735983220,0.0258814469899041,0.0003831980987657,0.0136053000661969,0.0003831980987657,0.0806193616268583,0.0000196300617355,0.0019305361557851,0.0000330388966045,0.0215086480214373,0.1203581915847326,0.0019305361557851,0.0001029450536312,0.0165978945267808,0.0008172225804384,0.0019305361557851,0.0003831980987657,0.1115311274305101,0.0171410581159440,0.0554142426549529,0.0000020076356464,0.0204345776263382,0.0078960839894150,0.0521658392506059,0.0246747144528370,0.0492092108830813,0.0030427768367807,0.0414620914348997,0.0218854434557692,0.0188865007150710,0.0019305361557851
0.0000196300617355,0.0001932233629509,0.0001029450536312,0.0001932233629509,0.0364701131388606,0.0000013357054920,0.0001029450536312,0.0000572902299170,0.0171363459573228,0.3435089074246659,0.0000572902299170,0.0000119637552834,0.0000572902299170,0.0000008998825258,0.0000008998825258,0.0000196300617355,0.0060688039292797,0.0000074539396976,0.0000074539396976,0.2949694123539935,0.0273659059647242,1.0000000000000000,0.0000572902299170,0.0001932233629509,0.0001932233629509,0.0001932233629509,0.0001029450536312,0.0000000087361762,0.0000572902299170,0.0000000000053456,0.1794885625171518,0.1794885625171518,0.0001932233629509,0.0000330388966045,0.0000196300617355,0.0000074539396976,0.0000000005989659,0.0000013357054920,0.0001932233629509,0.0000330388966045,0.0001029450536312,0.0000196300617355,0.0001932233629509,0.1876636764866202,0.0000572902299170,0.0000000000882605,0.0153135285294029,0.0001932233629509,0.1074704327739983,0.0000330388966045,0.0000330388966045,0.0001029450536312,0.0001029450536312,0.0000572902299170,0.0001932233629509,0.0000572902299170,0.0000572902299170,0.0000047348035714,0.0001932233629509,0.0000074539396976,0.0001932233629509,0.0001029450536312,0.0001932233629509,0.0000196300617355,0.0000000049543390,0.0001029450536312,0.0001932233629509,0.0000572902299170,0.0417175998067096,0.0001932233629509,0.0264940167799697,0.0000006132475835,0.0000572902299170,0.0000330388966045,0.0001029450536312,0.2193111140329353,0.0076337037256420,0.0000000287802002,0.0000572902299170,0.0000196300617355,0.0000008998825258,0.0001932233629509
0.0775440131202568,0.0792357600118640,0.0003831980987657,0.0008172225804384,0.0180372062563200,0.0645441767019064,0.0726088294444598,0.0650553724247129,0.0443769261376119,0.0001029450536312,0.1051520550051445,0.0573728789790826,0.0586652810612248,0.0715531753668620,0.0440529451717781,0.1033797757300006,0.0681710687024220,0.2010729772628481,0.0502703319399316,0.0001932233629509,0.0369483434523249,0.0000572902299170,1.0000000000000000,0.0275831969204920,0.0468341438435196,0.1327268818334396,0.0894475215253861,0.1079031432600503,0.0291701088095835,0.0560820875079848,0.0001932233629509,0.0001932233629509,0.0273377480283239,0.0196840102338585,0.0521866142459151,0.0765509433380532,0.0611116889665631,0.0498875137919308,0.0271395967949768,0.0650839895062238,0.0604700609885709,0.0452834318910363,0.0899351152634635,0.0003831980987657,0.0420603064057717,0.0560795687051239,0.0648347061496800,0.0008172225804384,0.1476650482496762,0.0553924697932316,0.1144659388831450,0.3542542728874922,0.3521919708469820,0.0422421020926820,0.0558687158353108,0.1058643113163763,0.0178735736615413,0.0778437883443193,0.0289592433285152,0.0807196009242649,0.0008172225804384,0.0003831980987657,0.0008172225804384,0.0933898683530458,0.1173721743612656,0.0685797465698111,0.0008172225804384,0.0536242005496610,0.0498384200494939,0.0379672531107850,0.0481812732728772,0.0550892443805997,0.3252248177197806,0.0505859357417229,0.0228968146972272,0.0008172225804384,0.0618215001592036,0.0681847451839536,0.1011901883760261,0.0964610176982856,0.0686669929973329,0.0770040039611103
0.0399026580263043,0.0269487190247090,0.0019305361557851,0.0053521131302050,0.2553521131302050,0.0648234315719995,0.0698039723817083,0.0624761842170667,0.1238540119859563,0.0003831980987657,0.1453994261830482,0.0976457608172055,0.0732076650332873,0.0718459461345257,0.1422185402207882,0.0935533120567217,0.0601594471717429,0.1574062317153895,0.0500233808185985,0.0008172225804384,0.0168253301008791,0.0001932233629509,0.0275831969204920,1.0000000000000000,0.0965155854659079,0.0970237848167456,0.0219218005486895,0.1019655552762532,0.0922279668727399,0.0657917945573620,0.0008172225804384,0.0008172225804384,0.0053521131302050,0.0626294950995574,0.0943473561753653,0.0710367844927751,0.0861641170976819,0.0722979083443042,0.0053521131302050,0.0796911156440486,0.0713259251920965,0.0756106387994708,0.0305492919247469,0.0324555627068857,0.2918712973658905,0.0882045997247093,0.0769352785920325,0.0053521131302050,0.0343346181148966,0.0531135728760237,0.0856434826354910,0.0225213283450615,0.0737575981500411,0.1042649504894796,0.1310584776892841,0.0700597698212070,0.0008172225804384,0.0827526404380751,0.1021746345189011,0.0815012369541709,0.0511396529568559,0.0410870714375574,0.0053521131302050,0.0831529091468722,0.0993939030607906,0.0691589716010795,0.0053521131302050,0.0828188501938825,0.0356714079699514,0.0053521131302050,0.0540558237245994,0.0761704317290370,0.0698015398199476,0.1177583634275040,0.0664788837482492,0.0053521131302050,0.0906584049420936,0.1062795126313452,0.0593058853540211,0.0564719512143429,0.1440293439552638,0.0053521131302050
0.0708335806973911,0.0457566875248599,0.0019305361557851,0.0053521131302050,0.0463989587482899,0.0824497419692241,0.3667565363135880,0.2853445801855475,0.1371402211516114,0.0003831980987657,0.1249942405266756,0.0861571880815572,0.0937710549731116,0.1478100869672538,0.1547540999483782,0.2268230812235992,0.0643396648135077,0.0701808373280277,0.1641867951986747,0.0008172225804384,0.0019305361557851,0.0001932233629509,0.0468341438435196,0.0965155854659079,1.0000000000000000,0.1666594007549890,0.0393519571791252,0.1049020948226334,0.0954332089514039,0.0670723062123024,0.0008172225804384,0.0008172225804384,0.0053521131302050,0.0561917775663769,0.2221601594354504,0.0825480948865943,0.0973464791289856,0.0752850733648779,0.0053521131302050,0.0754411699300365,0.0566654675379747,0.2119470157163528,0.0493738478463583,0.0019305361557851,0.3034498734033989,0.0821583758265629,0.0826598065729423,0.0053521131302050,0.0497817587677812,0.0965096783399896,0.0531640285254702,0.0409823798785604,0.1271353560041662,0.3045755405660915,0.0906671953893495,0.1242490208500836,0.0008172225804384,0.1882367355228073,0.1065608687488552,0.1093364732585614,0.0053521131302050,0.0019305361557851,0.1209220919959495,0.1155266790514831,0.0972543959889943,0.3663737561172817,0.0053521131302050,0.0776104024194991,0.0624438367196315,0.0053521131302050,0.1939180541522604,0.1365160616048266,0.0702045417967162,0.0914184984061955,0.0966661211860097,0.0053521131302050,0.1039830110286818,0.1200710089234685,0.1246106650676161,0.0705396330731901,0.1412269014079119,0.0053521131302050
